3.7 90 3.3 8.0 319 3.5 99 0 99
3.7 89 3.3 8.0 319 3.5 99 0 99
3.7 89 3.3 8.0 319 3.5 99 0 99
3.7 89 3.3 8.0 319 3.5 99 0 99
3.7 89 3.3 8.0 319 3.5 99 0 99
3.7 89 3.3 8.0 319 3.5 99 0 99
3.7 89 3.3 8.0 319 3.5 99 0 99
3.7 89 3.3 8.0 319 3.5 99 0 99
3.7 89 3.3 8.0 319 3.5 99 0 99
3.7 89 3.3 8.0 319 3.5 99 0 99
3.7 89 3.3 8.0 319 3.5 99 0 99
3.7 90 3.3 8.0 319 3.5 99 0 99
3.7 90 3.3 8.0 319 3.5 99 0 99
3.7 90 3.3 8.0 319 3.5 99 0 99
3.7 90 3.3 8.0 319 3.5 99 0 99
3.7 90 3.3 8.0 319 3.5 99 0 99
3.7 90 3.3 8.0 319 3.5 99 0 99
3.7 90 3.3 8.0 319 3.5 99 0 99
3.7 90 3.3 8.0 319 3.5 99 0 99
3.7 90 3.3 8.0 319 3.5 99 0 99
3.7 89 3.3 8.0 319 3.5 99 0 99
3.7 89 3.3 8.0 319 3.5 99 0 99
3.7 91 3.3 8.0 331 3.5 99 0 99
3.7 90 3.3 8.0 331 3.5 99 0 99
3.7 90 3.3 8.0 331 3.5 99 0 99
3.7 90 3.3 8.0 331 3.5 99 0 99
3.7 90 3.3 8.0 331 3.5 99 0 99
3.7 90 3.3 8.0 331 3.5 99 0 99
3.7 90 3.3 8.0 331 3.5 99 0 99
3.7 90 3.3 8.0 331 3.5 99 0 99
3.7 90 3.3 8.0 331 3.5 99 0 99
3.7 90 3.3 8.0 331 3.5 99 0 99
3.7 90 3.3 8.0 331 3.5 99 0 99
3.7 90 3.3 8.0 331 3.5 99 0 99
3.7 90 3.3 8.0 331 3.5 99 0 99
3.7 90 3.3 8.0 331 3.5 99 0 99
3.7 90 3.3 8.0 331 3.5 99 0 99
3.7 90 3.3 8.0 331 3.5 99 0 99
3.7 90 3.3 8.0 331 3.5 99 0 99
3.7 90 3.3 8.0 331 3.5 99 0 99
3.7 90 3.3 8.0 331 3.5 99 0 99
3.7 90 3.3 8.0 331 3.5 99 0 99
3.7 90 3.3 8.0 331 3.5 99 0 99
3.7 90 3.3 8.0 331 3.5 99 0 99
3.7 90 3.3 8.0 331 3.5 99 0 99
3.7 90 3.3 8.0 331 3.5 99 0 99
3.7 90 3.3 8.0 331 3.5 99 0 99
3.7 90 3.3 8.0 331 3.5 99 0 99
3.7 90 3.3 8.0 331 3.5 99 0 99
3.7 90 3.3 8.0 331 3.5 99 0 99
3.7 90 3.3 8.0 331 3.5 99 0 99
3.7 90 3.3 8.0 331 3.5 99 0 99
3.7 90 3.3 8.0 331 3.5 99 0 99
3.7 90 3.3 8.0 331 3.5 99 0 99
3.7 90 3.3 8.0 331 3.5 99 0 99
3.7 90 3.3 8.0 331 3.5 99 0 99
3.7 91 3.3 8.0 331 3.5 99 0 99
3.7 91 3.3 8.0 331 3.5 99 0 99
3.7 91 3.3 8.0 331 3.5 99 0 99
3.7 91 3.3 8.0 331 3.5 99 0 99
3.7 90 3.3 8.0 331 3.5 99 0 99
3.7 89 3.3 8.0 331 3.5 99 0 99
3.7 90 3.3 8.0 331 3.5 99 0 99
3.7 90 3.3 8.0 331 3.5 99 0 99
3.7 90 3.3 8.0 331 3.5 99 0 99
3.7 89 3.3 8.0 331 3.5 99 0 99
3.7 90 3.3 8.0 331 3.5 99 0 99
3.7 89 3.3 8.0 331 3.5 99 0 99
3.7 90 3.3 8.0 331 3.5 99 0 99
3.7 90 3.3 8.0 331 3.5 99 0 99
3.7 90 3.3 8.0 331 3.5 99 0 99
3.7 90 3.3 8.0 331 3.5 99 0 99
3.7 91 3.3 8.0 331 3.5 99 0 99
3.7 90 3.3 8.0 331 3.5 99 0 99
3.7 90 3.3 8.0 331 3.5 99 0 99
3.7 90 3.3 8.0 331 3.5 99 0 99
3.7 90 3.3 8.0 331 3.5 99 0 99
3.7 90 3.3 8.0 331 3.5 99 0 99
3.7 90 3.3 8.0 331 3.5 99 0 99
3.7 91 3.3 8.0 331 3.5 99 0 99
3.7 91 3.3 8.0 331 3.5 99 0 99
3.7 91 3.3 8.0 331 3.5 99 0 99
3.7 90 3.3 8.0 331 3.5 99 0 99
3.7 90 3.3 8.0 331 3.5 99 0 99
3.7 90 3.3 8.0 331 3.5 99 0 99
3.7 90 3.3 8.0 331 3.5 99 0 99
3.7 90 3.3 8.0 331 3.5 99 0 99
3.7 90 3.3 8.0 331 3.5 99 0 99
3.7 90 3.3 8.0 331 3.5 99 0 99
3.7 90 3.3 8.0 331 3.5 99 0 99
3.7 89 3.3 8.0 331 3.5 99 0 99
3.7 90 3.3 8.0 331 3.5 99 0 99
3.7 90 3.3 8.0 331 3.5 99 0 99
3.7 90 3.3 8.0 331 3.5 99 0 99
3.7 90 3.3 8.0 331 3.5 99 0 99
3.7 90 3.3 8.0 331 3.5 99 0 99
3.7 90 3.3 8.0 331 3.5 99 0 99
3.7 90 3.3 8.0 331 3.5 99 0 99
3.7 90 3.3 8.0 331 3.5 99 0 99
3.7 91 3.3 8.0 331 3.5 99 0 99
3.7 91 3.3 8.0 331 3.5 99 0 99
3.7 91 3.3 8.0 331 3.5 99 0 99
3.7 91 3.3 8.0 331 3.5 99 0 99
3.7 91 3.3 8.0 331 3.5 99 0 99
3.7 91 3.3 8.0 331 3.5 99 0 99
3.7 91 3.3 8.0 331 3.5 99 0 99
3.7 90 3.3 8.0 331 3.5 99 0 99
3.7 90 3.3 8.0 331 3.5 99 0 99
3.7 90 3.3 8.0 331 3.5 99 0 99
3.7 90 3.3 8.0 331 3.5 99 0 99
3.7 89 3.3 8.0 331 3.5 99 0 99
3.7 90 3.3 8.0 331 3.5 99 0 99
3.7 89 3.3 8.0 331 3.5 99 0 99
3.7 90 3.3 8.0 331 3.5 99 0 99
3.7 90 3.3 8.0 331 3.5 99 0 99
3.7 91 3.3 8.0 331 3.5 99 0 99
3.7 90 3.3 8.0 331 3.5 99 0 99
3.7 91 3.3 8.0 331 3.5 99 0 99
3.7 91 3.3 8.0 331 3.5 99 0 99
3.7 91 3.3 8.0 331 3.5 99 0 99
3.7 91 3.3 8.0 331 3.5 99 0 99
3.7 91 3.3 8.0 331 3.5 99 0 99
3.7 91 3.3 8.0 332 3.5 99 0 99
3.7 90 3.3 8.0 332 3.5 99 0 99
3.7 90 3.3 8.0 332 3.5 99 0 99
3.7 90 3.3 8.0 332 3.5 99 0 99
3.7 90 3.3 8.0 332 3.5 99 0 99
3.7 90 3.3 8.0 332 3.5 99 0 99
3.7 90 3.3 8.0 332 3.5 99 0 99
3.7 90 3.3 8.0 332 3.5 99 0 99
3.7 90 3.3 8.0 332 3.5 99 0 99
3.7 90 3.3 8.0 332 3.5 99 0 99
3.7 90 3.3 8.0 332 3.5 99 0 99
3.7 90 3.3 8.0 332 3.5 99 0 99
3.7 90 3.3 8.0 332 3.5 99 0 99
3.7 90 3.3 8.0 332 3.5 99 0 99
3.7 90 3.3 8.0 332 3.5 99 0 99
3.7 90 3.3 8.0 332 3.5 99 0 99
3.7 90 3.3 8.0 332 3.5 99 0 99
3.7 90 3.3 8.0 332 3.5 99 0 99
3.7 91 3.3 8.0 332 3.5 99 0 99
3.7 90 3.3 8.0 332 3.5 99 0 99
3.7 90 3.3 8.0 332 3.5 99 0 99
3.7 90 3.3 8.0 332 3.5 99 0 99
3.7 90 3.3 8.0 332 3.5 99 0 99
3.7 90 3.3 8.0 332 3.5 99 0 99
3.7 90 3.3 8.0 332 3.5 99 0 99
3.7 90 3.3 8.0 332 3.5 99 0 99
3.7 90 3.3 8.0 332 3.5 99 0 99
3.7 90 3.3 8.0 332 3.5 99 0 99
3.7 90 3.3 8.0 332 3.5 99 0 99
3.7 90 3.3 8.0 332 3.5 99 0 99
3.7 90 3.3 8.0 332 3.5 99 0 99
3.7 90 3.3 8.0 332 3.5 99 0 99
3.7 90 3.3 8.0 332 3.5 99 0 99
3.7 89 3.3 8.0 332 3.5 99 0 99
3.7 90 3.3 8.0 332 3.5 99 0 99
3.7 90 3.3 8.0 332 3.5 99 0 99
3.7 90 3.3 8.0 332 3.5 99 0 99
3.7 90 3.3 8.0 332 3.5 99 0 99
3.7 90 3.3 8.0 332 3.5 99 0 99
3.7 90 3.3 8.0 332 3.5 99 0 99
3.7 90 3.3 8.0 332 3.5 99 0 99
3.7 90 3.3 8.0 332 3.5 99 0 99
3.7 90 3.3 8.0 332 3.5 99 0 99
3.7 90 3.3 8.0 332 3.5 99 0 99
3.7 90 3.3 8.0 332 3.5 99 0 99
3.7 91 3.3 8.0 332 3.5 99 0 99
3.7 91 3.3 8.0 332 3.5 99 0 99
3.7 91 3.3 8.0 332 3.5 99 0 99
3.7 91 3.3 8.0 332 3.5 99 0 99
3.7 90 3.3 8.0 332 3.5 99 0 99
3.7 90 3.3 8.0 332 3.5 99 0 99
3.7 90 3.3 8.0 332 3.5 99 0 99
3.7 90 3.3 8.0 332 3.5 99 0 99
3.7 90 3.3 8.0 332 3.5 99 0 99
3.7 90 3.3 8.0 332 3.5 99 0 99
3.7 90 3.3 8.0 333 3.5 99 0 99
3.7 90 3.3 8.0 333 3.5 99 0 99
3.7 90 3.3 8.0 333 3.5 99 0 99
3.7 90 3.3 8.0 333 3.5 99 0 99
3.7 90 3.3 8.0 333 3.5 99 0 99
3.7 90 3.3 8.0 333 3.5 99 0 99
3.7 91 3.3 8.0 333 3.5 99 0 99
3.7 91 3.3 8.0 333 3.5 99 0 99
3.7 91 3.3 8.0 333 3.5 99 0 99
3.7 91 3.3 8.0 333 3.5 99 0 99
3.7 91 3.3 8.0 333 3.5 99 0 99
3.7 91 3.3 8.0 333 3.5 99 0 99
3.7 91 3.3 8.0 333 3.5 99 0 99
3.7 91 3.3 8.0 333 3.5 99 0 99
3.7 90 3.3 8.0 333 3.5 99 0 99
3.7 90 3.3 8.0 333 3.5 99 0 99
3.7 90 3.3 8.0 333 3.5 99 0 99
3.7 90 3.3 8.0 333 3.5 99 0 99
3.7 90 3.3 8.0 333 3.5 99 0 99
3.7 89 3.3 8.0 333 3.5 99 0 99
3.7 90 3.3 8.0 333 3.5 99 0 99
3.7 89 3.3 8.0 333 3.5 99 0 99
3.7 90 3.3 8.0 333 3.5 99 0 99
3.7 90 3.3 8.0 333 3.5 99 0 99
3.7 90 3.3 8.0 333 3.5 99 0 99
3.7 91 3.3 8.0 333 3.5 99 0 99
3.7 91 3.3 8.0 333 3.5 99 0 99
3.7 91 3.3 8.0 333 3.5 99 0 99
3.7 90 3.3 8.0 333 3.5 99 0 99
3.7 91 3.3 8.0 333 3.5 99 0 99
3.7 90 3.3 8.0 333 3.5 99 0 99
3.7 90 3.3 8.0 333 3.5 99 0 99
3.7 90 3.3 8.0 333 3.5 99 0 99
3.7 90 3.3 8.0 333 3.5 99 0 99
3.7 90 3.3 8.0 333 3.5 99 0 99
3.7 90 3.3 8.0 333 3.5 99 0 99
3.7 90 3.3 8.0 333 3.5 99 0 99
3.7 90 3.3 8.0 333 3.5 99 0 99
3.7 90 3.3 8.0 333 3.5 99 0 99
3.7 90 3.3 8.0 333 3.5 99 0 99
3.7 90 3.3 8.0 333 3.5 99 0 99
3.7 90 3.3 8.0 333 3.5 99 0 99
3.7 90 3.3 8.0 333 3.5 99 0 99
3.7 90 3.3 8.0 333 3.5 99 0 99
3.7 90 3.3 8.0 333 3.5 99 0 99
3.7 90 3.3 8.0 333 3.5 99 0 99
3.7 90 3.3 8.0 333 3.5 99 0 99
3.7 90 3.3 8.0 333 3.5 99 0 99
3.7 90 3.3 8.0 333 3.5 99 0 99
3.7 90 3.3 8.0 333 3.5 99 0 99
3.7 90 3.3 8.0 333 3.5 99 0 99
3.7 91 3.3 8.0 333 3.5 99 0 99
3.7 90 3.3 8.0 333 3.5 99 0 99
3.7 90 3.3 8.0 333 3.5 99 0 99
3.7 90 3.3 8.0 333 3.5 99 0 99
3.7 90 3.3 8.0 333 3.5 99 0 99
3.7 91 3.3 8.0 333 3.5 99 0 99
3.7 90 3.3 8.0 333 3.5 99 0 99
3.7 90 3.3 8.0 333 3.5 99 0 99
3.7 90 3.3 8.0 333 3.5 99 0 99
3.7 91 3.3 8.0 333 3.5 99 0 99
3.7 90 3.3 8.0 333 3.5 99 0 99
3.7 90 3.3 8.0 333 3.5 99 0 99
3.7 91 3.3 8.0 333 3.5 99 0 99
3.7 90 3.3 8.0 333 3.5 99 0 99
3.7 90 3.3 8.0 333 3.5 99 0 99
3.7 90 3.3 8.0 333 3.5 99 0 99
3.7 90 3.3 8.0 333 3.5 99 0 99
3.7 90 3.3 8.0 333 3.5 99 0 99
3.7 90 3.3 8.0 333 3.5 99 0 99
3.7 90 3.3 8.0 333 3.5 99 0 99
3.7 90 3.3 8.0 333 3.5 99 0 99
3.7 91 3.3 8.0 333 3.5 99 0 99
3.7 91 3.3 8.0 333 3.5 99 0 99
3.7 90 3.3 8.0 333 3.5 99 0 99
3.7 90 3.3 8.0 333 3.5 99 0 99
3.7 91 3.3 8.0 333 3.5 99 0 99
3.7 91 3.3 8.0 333 3.5 99 0 99
3.7 90 3.3 8.0 333 3.5 99 0 99
3.7 91 3.3 8.0 333 3.5 99 0 99
3.7 91 3.3 8.0 333 3.5 99 0 99
3.7 91 3.3 8.0 333 3.5 99 0 99
3.7 91 3.3 8.0 333 3.5 99 0 99
3.7 91 3.3 8.0 333 3.5 99 0 99
3.7 91 3.3 8.0 333 3.5 99 0 99
3.7 91 3.3 8.0 333 3.5 99 0 99
3.7 91 3.3 8.0 333 3.5 99 0 99
3.7 90 3.3 8.0 333 3.5 99 0 99
3.7 91 3.3 8.0 333 3.5 99 0 99
3.7 90 3.3 8.0 333 3.5 99 0 99
3.7 90 3.3 8.0 333 3.5 99 0 99
3.7 91 3.3 8.0 333 3.5 99 0 99
3.7 90 3.3 8.0 333 3.5 99 0 99
3.7 91 3.3 8.0 333 3.5 99 0 99
3.7 91 3.3 8.0 333 3.5 99 0 99
3.7 90 3.3 8.0 333 3.5 99 0 99
3.7 91 3.3 8.0 333 3.5 99 0 99
3.7 90 3.3 8.0 333 3.5 99 0 99
3.7 90 3.3 8.0 333 3.5 99 0 99
3.7 90 3.3 8.0 333 3.5 99 0 99
3.7 90 3.3 8.0 333 3.5 99 0 99
3.7 90 3.3 8.0 333 3.5 99 0 99
3.7 91 3.3 8.0 333 3.5 99 0 99
3.7 91 3.3 8.0 333 3.5 99 0 99
3.7 90 3.3 8.0 333 3.5 99 0 99
3.7 90 3.3 8.0 333 3.5 99 0 99
3.7 91 3.3 8.0 333 3.5 99 0 99
3.7 90 3.3 8.0 333 3.5 99 0 99
3.7 90 3.3 8.0 333 3.5 99 0 99
3.7 91 3.3 8.0 333 3.5 99 0 99
3.7 91 3.3 8.0 333 3.5 99 0 99
3.7 91 3.3 8.0 333 3.5 99 0 99
3.7 91 3.3 8.0 333 3.5 99 0 99
3.7 90 3.3 8.0 333 3.5 99 0 99
3.7 91 3.3 8.0 333 3.5 99 0 99
3.7 91 3.3 8.0 333 3.5 99 0 99
3.7 91 3.3 8.0 333 3.5 99 0 99
3.7 90 3.3 8.0 333 3.5 99 0 99
3.7 90 3.3 8.0 333 3.5 99 0 99
3.7 90 3.3 8.0 333 3.5 99 0 99
3.7 90 3.3 8.0 333 3.5 99 0 99
3.7 90 3.3 8.0 333 3.5 99 0 99
3.7 90 3.3 8.0 333 3.5 99 0 99
3.7 90 3.3 8.0 333 3.5 99 0 99
3.7 90 3.3 8.0 333 3.5 99 0 99
3.7 90 3.3 8.0 333 3.5 99 0 99
3.7 90 3.3 8.0 333 3.5 99 0 99
3.7 90 3.3 8.0 333 3.5 99 0 99
3.7 90 3.3 8.0 333 3.5 99 0 99
3.7 90 3.3 8.0 333 3.5 99 0 99
3.7 90 3.3 8.0 334 3.5 99 0 99
3.7 90 3.3 8.0 334 3.5 99 0 99
3.7 90 3.3 8.0 334 3.5 99 0 99
3.7 90 3.3 8.0 334 3.5 99 0 99
3.7 90 3.3 8.0 334 3.5 99 0 99
3.7 90 3.3 8.0 334 3.5 99 0 99
3.7 90 3.3 8.0 334 3.5 99 0 99
3.7 90 3.3 8.0 334 3.5 99 0 99
3.7 90 3.3 8.0 334 3.5 99 0 99
3.7 90 3.3 8.0 334 3.5 99 0 99
3.7 90 3.3 8.0 334 3.5 99 0 99
3.7 90 3.3 8.0 334 3.5 99 0 99
3.7 91 3.3 8.0 334 3.5 99 0 99
3.7 90 3.3 8.0 334 3.5 99 0 99
3.7 91 3.3 8.0 334 3.5 99 0 99
3.7 91 3.3 8.0 334 3.5 99 0 99
3.7 91 3.3 8.0 334 3.5 99 0 99
3.7 91 3.3 8.0 334 3.5 99 0 99
3.7 90 3.3 8.0 334 3.5 99 0 99
3.7 90 3.3 8.0 334 3.5 99 0 99
3.7 90 3.3 8.0 334 3.5 99 0 99
3.7 90 3.3 8.0 334 3.5 99 0 99
3.7 90 3.3 8.0 334 3.5 99 0 99
3.7 90 3.3 8.0 334 3.5 99 0 99
3.7 90 3.3 8.0 334 3.5 99 0 99
3.7 90 3.3 8.0 334 3.5 99 0 99
3.7 90 3.3 8.0 334 3.5 99 0 99
3.7 90 3.3 8.0 334 3.5 99 0 99
3.7 90 3.3 8.0 334 3.5 99 0 99
3.7 90 3.3 8.0 334 3.5 99 0 99
3.7 90 3.3 8.0 334 3.5 99 0 99
3.7 90 3.3 8.0 334 3.5 99 0 99
3.7 90 3.3 8.0 334 3.5 99 0 99
3.7 90 3.3 8.0 334 3.5 99 0 99
3.7 90 3.3 8.0 334 3.5 99 0 99
3.7 90 3.3 8.0 334 3.5 99 0 99
3.7 90 3.3 8.0 334 3.5 99 0 99
3.7 90 3.3 8.0 334 3.5 99 0 99
3.7 89 3.3 8.0 334 3.5 99 0 99
3.7 89 3.3 8.0 334 3.5 99 0 99
3.7 90 3.3 8.0 334 3.5 99 0 99
3.7 91 3.3 8.0 334 3.5 99 0 99
3.7 91 3.3 8.0 334 3.5 99 0 99
3.7 90 3.3 8.0 334 3.5 99 0 99
3.7 90 3.3 8.0 334 3.5 99 0 99
3.7 91 3.3 8.0 334 3.5 99 0 99
3.7 91 3.3 8.0 334 3.5 99 0 99
3.7 91 3.3 8.0 334 3.5 99 0 99
3.7 91 3.3 8.0 334 3.5 99 0 99
3.7 91 3.3 8.0 334 3.5 99 0 99
3.7 91 3.3 8.0 334 3.5 99 0 99
3.7 91 3.3 8.0 334 3.5 99 0 99
3.7 90 3.3 8.0 334 3.5 99 0 99
3.7 91 3.3 8.0 334 3.5 99 0 99
3.7 90 3.3 8.0 334 3.5 99 0 99
3.7 90 3.3 8.0 334 3.5 99 0 99
3.7 90 3.3 8.0 334 3.5 99 0 99
3.7 90 3.3 8.0 334 3.5 99 0 99
3.7 90 3.3 8.0 334 3.5 99 0 99
3.7 91 3.3 8.0 334 3.5 99 0 99
3.7 90 3.3 8.0 334 3.5 99 0 99
3.7 91 3.3 8.0 334 3.5 99 0 99
3.7 90 3.3 8.0 334 3.5 99 0 99
3.7 90 3.3 8.0 334 3.5 99 0 99
3.7 90 3.3 8.0 334 3.5 99 0 99
3.7 91 3.3 8.0 334 3.5 99 0 99
3.7 90 3.3 8.0 334 3.5 99 0 99
3.7 91 3.3 8.0 334 3.5 99 0 99
3.7 91 3.3 8.0 334 3.5 99 0 99
3.7 91 3.3 8.0 334 3.5 99 0 99
3.7 91 3.3 8.0 334 3.5 99 0 99
3.7 91 3.3 8.0 334 3.5 99 0 99
3.7 91 3.3 8.0 334 3.5 99 0 99
3.7 91 3.3 8.0 334 3.5 99 0 99
3.7 90 3.3 8.0 334 3.5 99 0 99
3.7 90 3.3 8.0 334 3.5 99 0 99
3.7 90 3.3 8.0 334 3.5 99 0 99
3.7 90 3.3 8.0 334 3.5 99 0 99
3.7 90 3.3 8.0 334 3.5 99 0 99
3.7 90 3.3 8.0 334 3.5 99 0 99
3.7 90 3.3 8.0 334 3.5 99 0 99
3.7 91 3.3 8.0 334 3.5 99 0 99
3.7 91 3.3 8.0 334 3.5 99 0 99
3.7 91 3.3 8.0 334 3.5 99 0 99
3.7 90 3.3 8.0 334 3.5 99 0 99
3.7 91 3.3 8.0 334 3.5 99 0 99
3.7 90 3.3 8.0 334 3.5 99 0 99
3.7 90 3.3 8.0 334 3.5 99 0 99
3.7 90 3.3 8.0 334 3.5 99 0 99
3.7 90 3.3 8.0 334 3.5 99 0 99
3.7 90 3.3 8.0 334 3.5 99 0 99
3.7 90 3.3 8.0 334 3.5 99 0 99
3.7 90 3.3 8.0 334 3.5 99 0 99
3.7 90 3.3 8.0 334 3.5 99 0 99
3.7 90 3.3 8.0 334 3.5 99 0 99
3.7 91 3.3 8.0 334 3.5 99 0 99
3.7 91 3.3 8.0 334 3.5 99 0 99
3.7 91 3.3 8.0 334 3.5 99 0 99
3.7 90 3.3 8.0 334 3.5 99 0 99
3.7 90 3.3 8.0 334 3.5 99 0 99
3.7 90 3.3 8.0 334 3.5 99 0 99
3.7 91 3.3 8.0 334 3.5 99 0 99
3.7 91 3.3 8.0 334 3.5 99 0 99
3.7 91 3.3 8.0 334 3.5 99 0 99
3.7 90 3.3 8.0 334 3.5 99 0 99
3.7 90 3.3 8.0 334 3.5 99 0 99
3.7 91 3.3 8.0 334 3.5 99 0 99
3.7 91 3.3 8.0 334 3.5 99 0 99
3.7 91 3.3 8.0 334 3.5 99 0 99
3.7 91 3.3 8.0 334 3.5 99 0 99
3.7 91 3.3 8.0 334 3.5 99 0 99
3.7 91 3.3 8.0 334 3.5 99 0 99
3.7 91 3.3 8.0 334 3.5 99 0 99
3.7 91 3.3 8.0 334 3.5 99 0 99
3.7 91 3.3 8.0 334 3.5 99 0 99
3.7 91 3.3 8.0 334 3.5 99 0 99
3.7 90 3.3 8.0 334 3.5 99 0 99
3.7 91 3.3 8.0 334 3.5 99 0 99
3.7 90 3.3 8.0 334 3.5 99 0 99
3.7 91 3.3 8.0 334 3.5 99 0 99
3.7 90 3.3 8.0 334 3.5 99 0 99
3.7 91 3.3 8.0 335 3.5 99 0 99
3.7 91 3.3 8.0 335 3.5 99 0 99
3.7 91 3.3 8.0 335 3.5 99 0 99
3.7 90 3.3 8.0 335 3.5 99 0 99
3.7 90 3.3 8.0 335 3.5 99 0 99
3.7 90 3.3 8.0 335 3.5 99 0 99
3.7 90 3.3 8.0 335 3.5 99 0 99
3.7 90 3.3 8.0 335 3.5 99 0 99
3.7 90 3.3 8.0 335 3.5 99 0 99
3.7 90 3.3 8.0 335 3.5 99 0 99
3.7 90 3.3 8.0 335 3.5 99 0 99
