0.06 0.00 0.12 0.02 0.00 0.00 0.00 0.00 0.00 99.79
0.06 0.00 0.12 0.02 0.00 0.00 0.00 0.00 0.00 99.79
0.06 0.00 0.12 0.02 0.00 0.00 0.00 0.00 0.00 99.79
0.06 0.00 0.12 0.02 0.00 0.00 0.00 0.00 0.00 99.79
0.06 0.00 0.12 0.02 0.00 0.00 0.00 0.00 0.00 99.79
0.06 0.00 0.12 0.02 0.00 0.00 0.00 0.00 0.00 99.79
0.06 0.00 0.13 0.02 0.00 0.00 0.00 0.00 0.00 99.79
0.06 0.00 0.13 0.02 0.00 0.00 0.00 0.00 0.00 99.79
0.06 0.00 0.13 0.02 0.00 0.00 0.00 0.00 0.00 99.79
0.06 0.00 0.13 0.02 0.00 0.00 0.00 0.00 0.00 99.79
0.06 0.00 0.13 0.02 0.00 0.00 0.00 0.00 0.00 99.79
