0 .93
1 .93
2 .93
3 .93
4 .93
5 .93
6 .93
7 .93
8 .93
9 .93
10 .93
11 .93
12 .93
13 .93
14 .93
15 .93
16 .93
17 .93
18 .93
19 .93
20 .93
21 .93
22 .93
23 .93
24 .93
25 .93
26 .93
27 .93
28 .93
29 .93
30 .93
31 .93
32 .93
33 .93
34 .93
35 .93
0 .93
1 .93
2 .93
3 .93
4 .93
5 .93
6 .93
7 .93
8 .93
9 .93
10 .93
11 .93
12 .93
13 .93
13 .93
14 .93
15 .93
16 .93
17 .93
18 .93
19 .93
20 .93
21 .93
22 .93
23 .93
24 .93
25 .93
26 .93
27 .93
28 .93
29 .93
30 .93
31 .93
32 .93
33 .93
34 .93
35 .93
36 .93
37 .93
38 .93
39 .93
40 .93
41 .93
42 .93
43 .93
44 .93
45 .93
46 .93
47 .93
48 .93
49 .93
50 .93
51 .93
52 .93
53 .93
54 .93
55 .93
56 .93
57 .93
58 .93
59 .93
60 .93
61 .93
62 .93
63 .93
64 .93
65 .93
66 .93
67 .93
68 .93
0 .93
69 .93
1 .93
70 .93
2 .93
3 .93
71 .93
4 .93
72 .93
5 .93
73 .93
6 .93
74 .93
6 .93
75 .93
76 .93
77 .93
7 .93
78 .93
8 .93
79 .93
9 .93
80 .93
10 .93
81 .93
11 .93
82 .93
12 .93
83 .93
13 .92
84 .92
14 .92
85 .92
15 .92
86 .92
16 .92
87 .92
17 .92
88 .92
18 .92
89 .92
19 .92
90 .92
20 .92
91 .92
21 .92
92 .92
22 .92
93 .92
23 .92
94 .92
24 .92
95 .92
25 .92
96 .92
26 .92
97 .92
27 .92
98 .92
28 .92
99 .92
29 .92
100 .92
30 .92
101 .92
31 .92
102 .92
32 .92
103 .92
33 .92
104 .92
34 .92
105 .92
35 .92
106 .92
36 .92
107 .92
37 .92
108 .92
38 .92
109 .92
39 .92
110 .92
40 .92
111 .92
41 .92
112 .92
42 .92
113 .92
114 .92
43 .92
115 .92
44 .92
45 .92
116 .92
46 .92
117 .92
47 .92
118 .92
48 .92
119 .92
49 .92
120 .92
50 .92
121 .92
51 .92
122 .92
52 .92
123 .92
124 .92
53 .92
125 .92
54 .92
126 .92
55 .92
56 .92
127 .92
57 .92
128 .92
58 .92
129 .92
0 .92
59 .92
130 .92
1 .92
60 .92
131 .92
2 .92
61 .92
132 .92
3 .91
133 .91
62 .91
4 .91
134 .91
63 .91
5 .91
135 .91
64 .91
6 .91
65 .91
136 .91
7 .91
137 .91
66 .91
8 .91
67 .91
138 .91
9 .91
139 .91
68 .91
10 .91
140 .91
11 .91
69 .91
141 .91
70 .91
12 .91
142 .91
13 .91
71 .91
14 .91
143 .91
72 .91
15 .91
73 .91
144 .91
16 .91
74 .91
145 .91
17 .91
146 .91
75 .91
147 .91
18 .91
76 .91
148 .91
77 .91
19 .91
149 .91
78 .91
20 .91
150 .91
21 .91
79 .91
151 .91
80 .91
22 .91
81 .91
152 .91
23 .91
82 .91
24 .91
153 .91
83 .91
25 .91
154 .91
84 .91
26 .91
155 .91
85 .91
156 .91
27 .91
157 .91
28 .91
86 .91
158 .91
87 .91
29 .91
159 .91
88 .91
30 .91
160 .91
31 .91
89 .91
161 .91
32 .91
90 .91
162 .91
33 .91
91 .91
163 .91
92 .91
34 .91
164 .91
93 .91
35 .91
165 .91
94 .91
35 .91
166 .90
95 .90
167 .90
96 .90
36 .90
168 .90
97 .90
37 .90
98 .90
169 .90
38 .90
99 .90
170 .90
39 .90
100 .90
171 .90
40 .90
101 .90
172 .90
41 .90
102 .90
173 .90
42 .90
103 .90
174 .90
43 .90
104 .90
175 .90
44 .90
105 .90
176 .90
45 .90
106 .90
177 .90
46 .90
107 .90
178 .90
47 .90
108 .90
179 .90
48 .90
109 .90
180 .90
49 .90
110 .90
181 .90
50 .90
111 .90
182 .90
51 .90
112 .90
183 .90
52 .90
113 .90
184 .90
53 .90
114 .90
185 .90
54 .90
115 .90
186 .90
55 .90
116 .90
187 .90
56 .90
117 .90
188 .90
57 .90
118 .90
189 .90
58 .90
119 .90
190 .90
59 .90
120 .90
191 .90
60 .90
121 .90
192 .90
61 .90
122 .90
193 .90
62 .90
123 .90
194 .90
63 .90
124 .90
195 .90
64 .90
125 .90
196 .90
65 .90
126 .90
197 .90
66 .90
127 .90
198 .90
67 .90
128 .90
199 .90
68 .90
129 .90
200 .90
69 .90
130 .90
201 .90
70 .90
131 .90
202 .90
71 .90
132 .90
203 .90
72 .90
133 .90
204 .90
73 .90
134 .90
205 .90
74 .90
135 .90
206 .90
75 .89
136 .89
207 .89
76 .89
137 .89
208 .89
77 .89
138 .89
209 .89
78 .89
139 .89
210 .89
79 .89
140 .89
211 .89
80 .89
141 .89
212 .89
81 .89
142 .89
213 .89
82 .89
143 .89
214 .89
83 .89
144 .89
215 .89
84 .89
216 .89
145 .89
217 .89
85 .89
146 .89
218 .89
86 .89
147 .89
87 .89
148 .89
219 .89
88 .89
220 .89
149 .89
89 .89
150 .89
221 .89
90 .89
222 .89
151 .89
91 .89
223 .89
152 .89
0 .89
92 .89
224 .89
153 .89
1 .89
93 .89
225 .89
154 .89
2 .89
94 .89
155 .89
226 .89
3 .89
156 .89
227 .89
95 .89
4 .89
228 .89
157 .89
96 .89
5 .89
158 .89
229 .89
97 .89
6 .89
159 .89
98 .89
230 .89
6 .89
160 .89
99 .89
231 .89
100 .89
161 .89
232 .89
101 .89
233 .89
162 .89
102 .89
234 .89
163 .89
235 .89
164 .89
103 .89
236 .89
104 .89
165 .89
105 .89
237 .89
166 .89
106 .89
238 .89
167 .89
107 .89
168 .89
239 .89
108 .89
240 .89
169 .89
109 .89
241 .89
170 .89
0 .89
110 .89
171 .89
242 .89
1 .89
243 .89
172 .89
111 .89
2 .89
244 .88
112 .88
3 .88
173 .88
245 .88
174 .88
113 .88
4 .88
246 .88
114 .88
175 .88
5 .88
247 .88
115 .88
176 .88
6 .88
248 .88
116 .88
7 .88
177 .88
249 .88
117 .88
178 .88
8 .88
250 .88
179 .88
118 .88
9 .88
180 .88
251 .88
10 .88
119 .88
181 .88
11 .88
120 .88
252 .88
182 .88
12 .88
121 .88
253 .88
183 .88
13 .88
254 .88
122 .88
184 .88
255 .88
123 .88
185 .88
124 .88
256 .88
125 .88
186 .88
257 .88
258 .88
126 .88
187 .88
259 .88
127 .88
188 .88
260 .88
128 .88
189 .88
261 .88
190 .88
129 .88
191 .88
130 .88
262 .88
192 .88
131 .88
263 .88
193 .88
264 .88
132 .88
133 .88
194 .88
265 .88
134 .88
195 .88
266 .88
135 .88
267 .88
196 .88
136 .88
268 .88
197 .88
137 .88
269 .88
198 .88
138 .88
270 .88
199 .88
271 .88
139 .88
200 .88
140 .88
272 .88
201 .88
141 .88
273 .88
202 .88
142 .88
274 .88
203 .88
143 .88
275 .88
204 .88
144 .88
276 .88
205 .88
145 .88
277 .88
206 .88
146 .88
207 .88
278 .88
147 .88
279 .88
208 .88
148 .88
209 .88
280 .88
149 .88
210 .88
281 .88
150 .88
211 .88
282 .88
212 .88
151 .88
283 .88
152 .88
213 .88
284 .88
153 .88
214 .88
285 .88
154 .88
286 .88
215 .88
155 .88
287 .88
216 .88
288 .88
156 .88
217 .88
157 .87
289 .87
218 .87
158 .87
219 .87
290 .87
159 .87
220 .87
291 .87
160 .87
221 .87
292 .87
293 .87
161 .87
222 .87
294 .87
162 .87
223 .87
295 .87
224 .87
163 .87
296 .87
164 .87
225 .87
226 .87
165 .87
297 .87
166 .87
227 .87
298 .87
167 .87
228 .87
299 .87
229 .87
168 .87
300 .87
301 .87
169 .87
230 .87
302 .87
231 .87
170 .87
303 .87
171 .87
232 .87
304 .87
233 .87
172 .87
305 .87
234 .87
173 .87
306 .87
235 .87
174 .87
236 .87
307 .87
175 .87
237 .87
308 .87
176 .87
177 .87
238 .87
309 .87
178 .87
239 .87
310 .87
240 .87
179 .87
311 .87
241 .87
180 .87
312 .87
242 .87
181 .87
313 .87
243 .87
182 .87
314 .87
244 .87
183 .87
315 .87
184 .87
245 .87
316 .87
246 .87
317 .87
185 .87
247 .87
318 .87
186 .87
248 .87
187 .87
319 .87
249 .87
320 .87
188 .87
250 .87
321 .87
189 .87
251 .87
322 .87
190 .87
252 .87
191 .87
323 .87
253 .87
192 .87
324 .87
254 .87
193 .87
325 .87
255 .87
326 .87
194 .87
256 .87
327 .87
195 .87
257 .87
328 .87
196 .87
258 .87
329 .87
197 .87
259 .87
330 .87
198 .87
260 .87
199 .87
331 .87
261 .87
200 .87
332 .87
262 .87
201 .87
333 .87
202 .87
263 .87
334 .87
203 .87
264 .87
335 .87
204 .87
265 .87
336 .87
205 .87
266 .87
337 .87
206 .87
267 .87
338 .87
207 .87
268 .87
339 .87
208 .87
269 .87
340 .87
209 .87
270 .87
341 .87
210 .87
271 .87
342 .87
211 .87
272 .87
343 .87
273 .87
212 .87
344 .87
274 .87
213 .87
345 .87
275 .87
346 .87
214 .87
276 .87
215 .87
347 .87
277 .86
348 .86
216 .86
278 .86
349 .86
217 .86
279 .86
350 .86
218 .86
280 .86
219 .86
351 .86
281 .86
220 .86
352 .86
282 .86
221 .86
353 .86
222 .86
283 .86
354 .86
223 .86
284 .86
355 .86
224 .86
285 .86
356 .86
286 .86
357 .86
225 .86
358 .86
287 .86
226 .86
288 .86
359 .86
227 .86
289 .86
228 .86
360 .86
290 .86
229 .86
361 .86
230 .86
362 .86
291 .86
231 .86
292 .86
363 .86
232 .86
364 .86
293 .86
233 .86
365 .86
294 .86
366 .86
234 .86
295 .86
367 .86
296 .86
235 .86
368 .86
297 .86
236 .86
369 .86
298 .86
237 .86
370 .86
299 .86
238 .86
371 .86
300 .86
239 .86
372 .86
240 .86
301 .86
373 .86
302 .86
241 .86
374 .86
303 .86
242 .86
243 .86
304 .86
375 .86
305 .86
244 .86
376 .86
306 .86
377 .86
245 .86
307 .86
246 .86
378 .86
308 .86
247 .86
379 .86
309 .86
248 .86
380 .86
310 .86
249 .86
381 .86
250 .86
311 .86
382 .86
251 .86
312 .86
383 .86
313 .86
252 .86
384 .86
314 .86
253 .86
385 .86
315 .86
386 .86
254 .86
316 .86
387 .86
255 .86
317 .86
256 .86
388 .86
257 .86
318 .86
389 .86
319 .86
390 .86
258 .86
0 .86
391 .86
259 .86
320 .86
0 .86
392 .86
321 .86
260 .86
0 .86
393 .86
322 .86
261 .86
0 .86
323 .86
262 .86
394 .86
0 .86
324 .86
395 .86
263 .86
0 .86
325 .86
0 .86
264 .86
396 .86
326 .86
265 .86
397 .86
0 .86
327 .86
266 .86
398 .86
0 .86
328 .86
267 .86
399 .86
329 .86
400 .86
268 .86
330 .86
401 .86
269 .86
402 .86
331 .86
270 .86
332 .86
271 .86
403 .86
333 .86
272 .86
404 .86
334 .86
405 .86
273 .86
406 .86
335 .86
274 .86
407 .86
275 .86
336 .86
408 .86
337 .86
276 .86
409 .85
338 .85
277 .85
410 .85
278 .85
339 .85
279 .85
411 .85
340 .85
341 .85
412 .85
280 .85
0 .85
342 .85
413 .85
281 .85
0 .85
343 .85
414 .85
282 .85
0 .85
344 .85
415 .85
283 .85
0 .85
0 .88
0 .89
1 .89
2 .89
3 .89
4 .89
5 .89
6 .89
7 .89
8 .89
9 .89
0 .90
1 .90
2 .90
3 .90
4 .90
5 .90
5 .90
0 .90
0 .90
0 .90
0 .91
1 .91
2 .91
3 .91
4 .91
5 .91
6 .91
7 .91
7 .91
0 .91
0 .91
1 .91
2 .91
3 .91
4 .91
5 .91
6 .91
7 .91
8 .91
9 .91
10 .91
11 .91
12 .91
13 .91
14 .91
15 .91
16 .91
16 .91
