0 390
1 390
2 390
3 390
4 390
5 390
6 390
6 390
0 391
0 391
1 391
2 391
3 391
4 391
5 391
6 391
7 391
8 391
9 391
10 391
11 391
12 391
13 391
14 391
15 391
16 391
17 391
18 391
19 391
20 391
21 391
22 391
23 391
24 391
25 391
26 391
27 391
28 391
29 391
30 391
31 391
32 391
33 391
34 391
35 391
36 391
37 391
38 391
39 391
40 391
41 391
42 391
43 391
44 391
44 391
0 391
0 391
0 391
0 391
1 391
2 391
3 391
4 391
5 391
6 391
7 391
7 391
0 391
1 391
2 391
3 391
4 391
5 391
6 391
6 391
0 391
0 391
0 391
1 391
2 391
3 391
4 391
5 391
6 391
7 391
8 391
9 391
10 391
11 391
11 391
0 391
1 391
2 391
3 391
4 391
5 391
6 391
7 391
8 391
9 391
10 391
11 391
12 391
13 391
14 391
15 391
16 391
17 391
18 391
19 391
20 391
21 391
22 391
23 391
24 391
25 391
26 391
27 391
28 391
29 391
30 391
31 391
32 391
33 391
34 391
35 391
36 391
37 391
38 391
38 391
0 391
0 391
1 391
2 391
3 391
4 391
5 391
6 391
6 391
0 391
0 391
0 391
0 391
1 391
2 391
3 391
4 391
5 391
6 391
7 391
8 391
9 391
10 391
11 391
0 391
1 391
2 391
3 391
4 391
5 391
6 391
7 391
7 391
0 391
1 391
2 391
3 391
4 391
4 391
0 391
1 391
2 391
3 391
4 391
5 391
6 391
0 391
0 391
1 391
2 391
3 391
4 391
5 391
6 391
7 391
8 391
9 391
10 391
11 391
12 391
12 391
0 392
0 392
1 392
2 392
3 392
4 392
4 392
0 392
1 392
2 392
3 392
4 392
4 392
0 392
1 392
2 392
3 392
4 392
5 392
5 392
