4638 209
4639 209
0 209
4640 209
1 209
4641 209
2 209
4642 209
3 209
4643 209
4 209
4644 209
5 209
4645 209
6 209
4646 209
7 217
4647 217
7 217
4648 217
4649 219
4650 219
4651 219
4652 219
4653 219
4654 219
4655 217
4656 217
4657 217
4658 217
4659 217
4660 217
4661 217
4662 217
4663 217
4664 217
4665 217
4666 217
4667 217
4668 217
4669 217
4670 217
4671 217
4672 217
4673 217
4674 217
4675 217
4676 217
4677 217
4678 217
4679 217
4680 217
4681 217
4682 217
4683 217
4684 217
4685 217
4686 217
4687 217
4688 217
4689 217
4690 217
4691 217
4692 217
4693 217
4694 217
4695 217
4696 217
4697 217
4698 217
4699 217
4700 217
4701 217
4702 217
4703 217
4704 217
4705 217
4706 217
4707 217
4708 217
4709 217
4710 217
4711 217
4712 217
4713 217
4714 217
4715 217
4716 217
4717 217
4718 217
4719 217
4720 217
4721 217
4722 217
4723 217
4724 217
4725 217
4726 217
4727 217
4728 217
4729 217
4730 217
4731 217
4732 217
4733 217
4734 217
4735 217
4736 217
4737 217
4738 217
4739 217
4740 217
4741 217
4742 217
4743 217
4744 217
4745 217
4746 217
4747 217
4748 217
4749 217
4750 217
4751 217
4752 217
4753 217
4754 217
4755 217
4756 217
4757 217
4758 217
4759 217
4760 217
4761 217
4762 217
4763 217
4764 217
4765 217
4766 217
4767 217
4768 217
4769 217
4770 217
4771 217
4772 217
4773 217
4774 217
4775 217
4776 217
4777 217
4778 217
4779 217
4780 217
4781 217
4782 217
4783 217
4784 217
4785 217
4786 217
4787 217
4788 217
4789 217
4790 217
4791 217
4792 217
4793 217
4794 217
4795 217
4796 217
4797 217
4798 217
4799 217
4800 217
4801 217
4802 217
4803 217
4804 217
4805 217
4806 217
4807 217
4808 217
4809 217
4810 217
4811 217
4812 217
4813 217
4814 217
4815 217
4816 217
4817 217
4818 217
4819 217
4820 217
4821 217
4822 217
4823 217
4824 217
4825 217
4826 217
4827 217
4828 217
4829 217
4830 217
4831 217
4832 217
4833 217
4834 217
4835 217
4836 217
4837 217
4838 217
4839 217
4840 217
4841 217
4842 217
4843 217
4844 217
4845 217
4846 217
4847 217
4848 217
4849 217
4850 217
4851 217
4852 217
4853 217
4854 217
4855 217
4856 217
4857 217
4858 217
4859 217
4860 217
4861 217
4862 217
4863 217
4864 217
4865 217
