4638 21
4639 21
0 21
4640 21
1 21
4641 21
2 21
4642 21
3 21
4643 21
4 21
4644 21
5 21
4645 21
6 21
4646 21
7 21
4647 21
7 21
4648 21
4649 22
4650 22
4651 22
4652 22
4653 22
4654 22
4655 21
4656 21
4657 21
4658 21
4659 21
4660 20
4661 21
4662 21
4663 21
4664 21
4665 20
4666 21
4667 21
4668 21
4669 21
4670 20
4671 21
4672 21
4673 21
4674 21
4675 21
4676 21
4677 20
4678 21
4679 21
4680 21
4681 21
4682 21
4683 20
4684 21
4685 21
4686 20
4687 21
4688 21
4689 21
4690 21
4691 21
4692 21
4693 20
4694 21
4695 21
4696 20
4697 20
4698 21
4699 20
4700 21
4701 20
4702 21
4703 21
4704 21
4705 20
4706 20
4707 21
4708 21
4709 21
4710 21
4711 21
4712 21
4713 21
4714 21
4715 21
4716 20
4717 21
4718 21
4719 21
4720 20
4721 21
4722 21
4723 21
4724 21
4725 20
4726 21
4727 21
4728 20
4729 21
4730 21
4731 20
4732 21
4733 21
4734 21
4735 20
4736 21
4737 21
4738 21
4739 21
4740 21
4741 20
4742 21
4743 21
4744 21
4745 21
4746 21
4747 21
4748 21
4749 21
4750 21
4751 21
4752 21
4753 21
4754 21
4755 21
4756 21
4757 21
4758 21
4759 21
4760 21
4761 21
4762 21
4763 21
4764 21
4765 21
4766 21
4767 21
4768 21
4769 21
4770 21
4771 21
4772 21
4773 21
4774 21
4775 21
4776 21
4777 21
4778 21
4779 21
4780 21
4781 21
4782 21
4783 21
4784 21
4785 21
4786 21
4787 21
4788 21
4789 21
4790 21
4791 21
4792 21
4793 21
4794 21
4795 21
4796 21
4797 21
4798 21
4799 21
4800 21
4801 21
4802 21
4803 21
4804 21
4805 21
4806 21
4807 21
4808 21
4809 21
4810 21
4811 21
4812 21
4813 21
4814 21
4815 21
4816 21
4817 21
4818 21
4819 21
4820 21
4821 21
4822 21
4823 21
4824 21
4825 21
4826 21
4827 21
4828 21
4829 21
4830 21
4831 21
4832 21
4833 21
4834 21
4835 21
4836 21
4837 21
4838 21
4839 21
4840 21
4841 21
4842 21
4843 21
4844 21
4845 21
4846 21
4847 21
4848 21
4849 21
4850 21
4851 21
4852 21
4853 21
4854 21
4855 21
4856 21
4857 21
4858 21
4859 21
4860 21
4861 21
4862 21
4863 21
4864 21
4865 21
