4638 99
4639 99
0 99
4640 99
1 99
4641 99
2 99
4642 99
3 99
4643 99
4 99
4644 99
5 99
4645 99
6 99
4646 99
7 99
4647 99
7 99
4648 99
4649 99
4650 99
4651 99
4652 99
4653 99
4654 99
4655 99
4656 99
4657 99
4658 99
4659 99
4660 99
4661 99
4662 99
4663 99
4664 99
4665 99
4666 99
4667 99
4668 99
4669 99
4670 99
4671 99
4672 99
4673 99
4674 99
4675 99
4676 99
4677 99
4678 99
4679 99
4680 99
4681 99
4682 99
4683 99
4684 99
4685 99
4686 99
4687 99
4688 99
4689 99
4690 99
4691 99
4692 99
4693 99
4694 99
4695 99
4696 99
4697 99
4698 99
4699 99
4700 99
4701 99
4702 99
4703 99
4704 99
4705 99
4706 99
4707 99
4708 99
4709 99
4710 99
4711 99
4712 99
4713 99
4714 99
4715 99
4716 99
4717 99
4718 99
4719 99
4720 99
4721 99
4722 99
4723 99
4724 99
4725 99
4726 99
4727 99
4728 99
4729 99
4730 99
4731 99
4732 99
4733 99
4734 99
4735 99
4736 99
4737 99
4738 99
4739 99
4740 99
4741 99
4742 99
4743 99
4744 99
4745 99
4746 99
4747 99
4748 99
4749 99
4750 99
4751 99
4752 99
4753 99
4754 99
4755 99
4756 99
4757 99
4758 99
4759 99
4760 99
4761 99
4762 99
4763 99
4764 99
4765 99
4766 99
4767 99
4768 99
4769 99
4770 99
4771 99
4772 99
4773 99
4774 99
4775 99
4776 99
4777 99
4778 99
4779 99
4780 99
4781 99
4782 99
4783 99
4784 99
4785 99
4786 99
4787 99
4788 99
4789 99
4790 99
4791 99
4792 99
4793 99
4794 99
4795 99
4796 99
4797 99
4798 99
4799 99
4800 99
4801 99
4802 99
4803 99
4804 99
4805 99
4806 99
4807 99
4808 99
4809 99
4810 99
4811 99
4812 99
4813 99
4814 99
4815 99
4816 99
4817 99
4818 99
4819 99
4820 99
4821 99
4822 99
4823 99
4824 99
4825 99
4826 99
4827 99
4828 99
4829 99
4830 99
4831 99
4832 99
4833 99
4834 99
4835 99
4836 99
4837 99
4838 99
4839 99
4840 99
4841 99
4842 99
4843 99
4844 99
4845 99
4846 99
4847 99
4848 99
4849 99
4850 99
4851 99
4852 99
4853 99
4854 99
4855 99
4856 99
4857 99
4858 99
4859 99
4860 99
4861 99
4862 99
4863 99
4864 99
4865 99
